A steady state with given resolution was found.

Species	Concentration (mol/l)	Concentration Rate (mol/(l*h))	Particle Number	Particle Number Rate (1/h)	Transition Time (h)
ASG	7.35507	1.42639e-14	4.42933e+24	8.58993e+09	0.0912843
OPA	1.01285	-6.77536e-14	6.09954e+23	-4.08022e+10	0.0874694
SAH	20.0368	0	1.20664e+25	0	0.105759
SAM	35.7902	1.42639e-14	2.15534e+25	8.58993e+09	0.18891
bGSH	1.48512	-7.13196e-15	8.94363e+23	-4.29497e+09	0.0768365
bGSSG	0.00197573	0	1.18981e+21	0	0.0978416
bOPA	1	0	6.02214e+23	0	nan
bcys	21.3583	1.24809e-14	1.28623e+25	7.51619e+09	1.10272
bgluAA	0.198797	0	1.19719e+23	0	0.0102853
boxo	1	0	6.02214e+23	0	nan
cCH2THF	0.277812	5.17067e-14	1.67302e+23	3.11385e+10	0.00792445
cGSH	58.8671	-4.27918e-14	3.54506e+25	-2.57698e+10	0.585202
cGSSG	0.273553	2.69886e-17	1.64737e+23	1.62529e+07	0.791579
cTHF	6.20151	-5.70557e-14	3.73464e+24	-3.43597e+10	0.176895
ccys	13.1122	-6.27612e-13	7.89638e+24	-3.77957e+11	0.0228894
cglc	8.75663	6.27612e-13	5.27337e+24	3.77957e+11	0.015286
cgluAA	4.33846	-2.85278e-14	2.61268e+24	-1.71799e+10	0.0434273
cglut	642.322	1.06979e-14	3.86815e+26	6.44245e+09	1.09906
cgly	2794.04	2.71014e-13	1.68261e+27	1.63209e+11	16.1015
cys	192	0	1.15625e+26	0	nan
cysASG	6.61157	2.13959e-13	3.98158e+24	1.28849e+11	0.0820566
cysgly	0.550235	-3.56598e-15	3.3136e+23	-2.14748e+09	0.0284678
cyt	33.9387	1.42639e-14	2.04384e+25	8.58993e+09	0.371921
ext	1	0	6.02214e+23	0	nan
gluAB	1.16787	-1.78299e-15	7.03307e+23	-1.07374e+09	0.100857
glyASG	189.657	-2.13959e-13	1.14214e+26	-1.28849e+11	2.35385
hcy	1.09884	7.13196e-14	6.61739e+23	4.29497e+10	0.00579997
met	46.0051	-4.99237e-14	2.77049e+25	-3.00648e+10	0.242826
oxo	1.84402	-5.65542e-13	1.1105e+24	-3.40577e+11	0.00321925

Reaction	Flux (mol/h)	Particle Flux (1/h)
v_v1	124.785	7.51475e+25
v_v10	572.851	3.44979e+26
v_v11	99.942	6.01865e+25
v_v12	0.345578	2.08112e+23
v_v13	0.325385	1.95952e+23
v_v14	0.0154853	9.32549e+21
v_v15	0.00470778	2.83509e+21
v_v16	0.00268795	1.61872e+21
v_v17	19.3257	1.16382e+25
v_v18	11.9347	7.18723e+24
v_v19	8.68961	5.23301e+24
v_v2	64.6715	3.89461e+25
v_v20	71.4159	4.30077e+25
v_v21	21.5375	1.29702e+25
v_v22	35.0576	2.11122e+25
v_v23	13.5202	8.14203e+24
v_v24	472.909	2.84793e+26
v_v25	572.496	3.44765e+26
v_v26	11.5795	6.97334e+24
v_v27	11.5795	6.97334e+24
v_v28	19.3284	1.16398e+25
v_v29	19.3284	1.16398e+25
v_v3	127.452	7.67532e+25
v_v30	19.3284	1.16398e+25
v_v31	99.9016	6.01622e+25
v_v32	11.5795	6.97334e+24
v_v33	18.219	1.09717e+25
v_v34	62.3543	3.75506e+25
v_v35	80.5732	4.85223e+25
v_v36	80.5732	4.85223e+25
v_v37	80.5732	4.85223e+25
v_v38	0.314783	1.89567e+23
v_v39	91.2524	5.49535e+25
v_v4	62.0051	3.73403e+25
v_v40	0.0201931	1.21606e+22
v_v41	10.6792	6.43114e+24
v_v5	189.457	1.14094e+26
v_v6	63.1468	3.80279e+25
v_v7	35.0576	2.11122e+25
v_v8	91.2524	5.49535e+25
v_v9	91.2524	5.49535e+25

Jacobian (complete system)

Rows:    Variables of the system, including dependent species
Columns: Variables of the system, including dependent species
	cGSH	bcys	cgly	met	cglut	oxo	hcy	ccys	cCH2THF	SAM	cGSSG	cgluAA	bGSH	ASG	cysASG	OPA	cysgly	cglc	cTHF	cyt	gluAB	bgluAA	SAH	glyASG	bGSSG
cGSH	-2.41718	-0	0.00388613	-0	-0	-0	-0	-0	-0	-0	2.37288	-0	-0	0.00586793	-0	-0.29653	-0	10.1929	-0	-0	-0.0484393	-0	-0	-0	-0
bcys	-0	-1.73665	-0	-0	-0	-0	-0	0.398491	-0	-0	-0	-0	-0	-0	-0	-0	58.0132	-0	-0	-0	-0	-0	-0	-0	20.4413
cgly	1.12192	-0	-3.04155	-0	-0	-0	-0	-0	-909.297	-1.10481	-0	-0	-0	-0	-1218.02	2.20542	-0	-10.0368	30.4323	-0	-11.4868	-0	1.63013	42.8618	-0
met	-0	-0	-0	-3.54504	-0	-0	67.8466	-0	-3.98566	-0.121554	0.0743041	-0	-0	-0	-0	-0	-0	-0	-3.98565	-0	-0	-0	-0.132608	-0	-0
cglut	0.0518518	-0	-0	-0	-2.31119	310.251	-0	-72.8298	-0	-0	-0	-0	-0	-0	-0	-0	-0	52.7613	-0	-0	0.0424668	-0	-0	-0	-0
oxo	-0	-0	-0	-0	0.889056	-16993.9	-0	-2344.97	-0	-0	-0	27.0963	-0	-0	-0	-0	-0	3537.05	-0	-0	-0	-0	-0	-0	-0
hcy	-0	-0	-0	-0	-0	-0	-1915.6	-0	3.98566	-0.599891	-0	-0	-0	-0	-0	-0	-0	-0	3.98565	-0	-0	-0	98.4957	-0	-0
ccys	0.0508244	0.64493	-0	-0	-1.37246	-16673.6	-0	-2418.3	-0	-0	-0	-0	-0	-0	-0	-0	-0	3589.79	-0	2.51784	0.0416241	-0	-0	-0	-0
cCH2THF	-0	-0	-0.0700079	-0	-0	-0	-0	-0	-1026.23	1.36128	-0	-0	-0	-0	-0	-0	-0	-0	38.9912	-0	-0	-0	-1.36128	-0	-0
SAM	-0	-0	-0.000986631	2.54504	-0	-0	-0	-0	-8.55881	-2.44982	-0.0743041	-0	-0	-0	-0	-0	-0	-0	-8.55884	-0	-0	-0	3.85726	-0	-0
cGSSG	0.0112433	-0	-0	-0	-0	-0	-0	-0	-0	-0	-1.26026	-0	-0	-0	-0	-0	-0	-0	-0	-0	-0	-0	-0	-0	-0
cgluAA	-0	-0	-0	-0	-0	9.69053	-0	-0	-0	-0	-0	-27.2272	-0	10.866	-0	-0	-0	-0	-0	-0	-0	97.42	-0	-0.0628601	-0
bGSH	0.235904	-0	-0	-0	-0	-0	-0	-0	-0	-0	-0	-0	-12.9859	-0	-0	-0	0.0177089	-0	-0	-0	-0	0.0197405	-0	-0	-0
ASG	1.1514	-0	-0	-0	-0	-0	-0	-0	-0	-0	-0	0.101935	-0	-10.8719	-0	-0	-0	-0	-0	-0	-0	-0	-0	0.0628601	-0
cysASG	-0	-0	-2.88815	-0	-0	-0	-0	-0	-0	-0	-0	-0	-0	-0	-1268.02	-0	-0	-0	-0	-0	-0	-0	-0	42.8618	-0
OPA	-0.114522	-0	0.00108349	-0	-0	-0	-0	-0	-0	-0	-0	-0	-0	-0	-0	-902.834	-0	-0.156166	-0	-0	11.5352	-0	-0	-0	-0
cysgly	-0	0.591715	-0	-0	-0	-0	-0	-0	-0	-0	-0	-0	12.9859	-0	-0	-0	-58.031	-0	-0	-0	-0	-0.0197405	-0	-0	-0
cglc	0.956572	-0	-0.00388613	-0	1.37246	16673.6	-0	2417.9	-0	-0	-0	-0	-0	-0	-0	0.29653	-0	-3599.98	-0	-0	0.00681521	-0	-0	-0	-0
cTHF	-0	-0	0.0700079	-0	-0	-0	15.2008	-0	896.752	-0	-0	-0	-0	-0	-0	-0	-0	-0	-42.9768	-0	-0	-0	-0	-0	-0
cyt	-0	-0	-0	-0	-0	-0	82.9529	-0	-0	0.7325	-0	-0	-0	-0	-0	-0	-0	-0	-0	-2.51784	-0	-0	0.7325	-0	-0
gluAB	0.113494	-0	-0.00108349	-0	0.0483481	-0	-0	-0.10198	-0	-0	-0	-0	-0	-0	-0	1.9089	-0	0.128085	-0	-0	-11.536	-0	-0	-0	-0
bgluAA	-0	-0	-0	-0	-0	-0	-0	-0	-0	-0	-0	0.0289847	12.9859	-0	-0	-0	-0.0177089	-0	-0	-0	-0	-97.4397	-0	-0	-0
SAH	-0	-0	0.000986631	-0	-0	-0	1764.8	-0	8.5588	2.43877	-0	-0	-0	-0	-0	-0	-0	-0	8.55884	-0	-0	-0	-102.953	-0	-0
glyASG	-0	-0	2.88815	-0	-0	-0	-0	-0	-0	-0	-0	-0.101935	-0	10.866	1218.02	-0	-0	-0	-0	-0	-0	-0	-0	-42.9247	-0
bGSSG	-0	-0	-0	-0	-0	-0	-0	-0	-0	-0	0.0738121	-0	-0	-0	-0	-0	-0	-0	-0	-0	-0	-0	-0	-0	-10.2206

Eigenvalues	real	imaginary
	-0.0522417	0
	-0.0772855	0
	-0.697789	0
	-1.24926	0
	-1.47622	0
	-1.78603	-0.255633
	-1.78603	0.255633
	-2.54491	0
	-4.61645	0
	-6.28938	0
	-9.95124	2.39448
	-9.95124	-2.39448
	-10.2206	0
	-11.0452	0
	-11.5104	0
	-13.0352	0
	-26.7676	0
	-58.6392	0
	-97.4838	0
	-182.553	0
	-902.858	0
	-1060.65	0
	-1312.03	0
	-2006.92	0
	-22827.1	0

Jacobian (reduced system)

Rows:    Independent variables of the system
Columns: Independent variables of the system
	cGSH	bcys	cgly	met	cglut	oxo	hcy	ccys	cCH2THF	SAM	cGSSG	cgluAA	bGSH	ASG	cysASG	OPA	cysgly	cglc	cTHF	cyt	gluAB	bgluAA	SAH	glyASG	bGSSG
cGSH	-2.41718	-0	0.00388613	-0	-0	-0	-0	-0	-0	-0	2.37288	-0	-0	0.00586793	-0	-0.29653	-0	10.1929	-0	-0	-0.0484393	-0	-0	-0	-0
bcys	-0	-1.73665	-0	-0	-0	-0	-0	0.398491	-0	-0	-0	-0	-0	-0	-0	-0	58.0132	-0	-0	-0	-0	-0	-0	-0	20.4413
cgly	1.12192	-0	-3.04155	-0	-0	-0	-0	-0	-909.297	-1.10481	-0	-0	-0	-0	-1218.02	2.20542	-0	-10.0368	30.4323	-0	-11.4868	-0	1.63013	42.8618	-0
met	-0	-0	-0	-3.54504	-0	-0	67.8466	-0	-3.98566	-0.121554	0.0743041	-0	-0	-0	-0	-0	-0	-0	-3.98565	-0	-0	-0	-0.132608	-0	-0
cglut	0.0518518	-0	-0	-0	-2.31119	310.251	-0	-72.8298	-0	-0	-0	-0	-0	-0	-0	-0	-0	52.7613	-0	-0	0.0424668	-0	-0	-0	-0
oxo	-0	-0	-0	-0	0.889056	-16993.9	-0	-2344.97	-0	-0	-0	27.0963	-0	-0	-0	-0	-0	3537.05	-0	-0	-0	-0	-0	-0	-0
hcy	-0	-0	-0	-0	-0	-0	-1915.6	-0	3.98566	-0.599891	-0	-0	-0	-0	-0	-0	-0	-0	3.98565	-0	-0	-0	98.4957	-0	-0
ccys	0.0508244	0.64493	-0	-0	-1.37246	-16673.6	-0	-2418.3	-0	-0	-0	-0	-0	-0	-0	-0	-0	3589.79	-0	2.51784	0.0416241	-0	-0	-0	-0
cCH2THF	-0	-0	-0.0700079	-0	-0	-0	-0	-0	-1026.23	1.36128	-0	-0	-0	-0	-0	-0	-0	-0	38.9912	-0	-0	-0	-1.36128	-0	-0
SAM	-0	-0	-0.000986631	2.54504	-0	-0	-0	-0	-8.55881	-2.44982	-0.0743041	-0	-0	-0	-0	-0	-0	-0	-8.55884	-0	-0	-0	3.85726	-0	-0
cGSSG	0.0112433	-0	-0	-0	-0	-0	-0	-0	-0	-0	-1.26026	-0	-0	-0	-0	-0	-0	-0	-0	-0	-0	-0	-0	-0	-0
cgluAA	-0	-0	-0	-0	-0	9.69053	-0	-0	-0	-0	-0	-27.2272	-0	10.866	-0	-0	-0	-0	-0	-0	-0	97.42	-0	-0.0628601	-0
bGSH	0.235904	-0	-0	-0	-0	-0	-0	-0	-0	-0	-0	-0	-12.9859	-0	-0	-0	0.0177089	-0	-0	-0	-0	0.0197405	-0	-0	-0
ASG	1.1514	-0	-0	-0	-0	-0	-0	-0	-0	-0	-0	0.101935	-0	-10.8719	-0	-0	-0	-0	-0	-0	-0	-0	-0	0.0628601	-0
cysASG	-0	-0	-2.88815	-0	-0	-0	-0	-0	-0	-0	-0	-0	-0	-0	-1268.02	-0	-0	-0	-0	-0	-0	-0	-0	42.8618	-0
OPA	-0.114522	-0	0.00108349	-0	-0	-0	-0	-0	-0	-0	-0	-0	-0	-0	-0	-902.834	-0	-0.156166	-0	-0	11.5352	-0	-0	-0	-0
cysgly	-0	0.591715	-0	-0	-0	-0	-0	-0	-0	-0	-0	-0	12.9859	-0	-0	-0	-58.031	-0	-0	-0	-0	-0.0197405	-0	-0	-0
cglc	0.956572	-0	-0.00388613	-0	1.37246	16673.6	-0	2417.9	-0	-0	-0	-0	-0	-0	-0	0.29653	-0	-3599.98	-0	-0	0.00681521	-0	-0	-0	-0
cTHF	-0	-0	0.0700079	-0	-0	-0	15.2008	-0	896.752	-0	-0	-0	-0	-0	-0	-0	-0	-0	-42.9768	-0	-0	-0	-0	-0	-0
cyt	-0	-0	-0	-0	-0	-0	82.9529	-0	-0	0.7325	-0	-0	-0	-0	-0	-0	-0	-0	-0	-2.51784	-0	-0	0.7325	-0	-0
gluAB	0.113494	-0	-0.00108349	-0	0.0483481	-0	-0	-0.10198	-0	-0	-0	-0	-0	-0	-0	1.9089	-0	0.128085	-0	-0	-11.536	-0	-0	-0	-0
bgluAA	-0	-0	-0	-0	-0	-0	-0	-0	-0	-0	-0	0.0289847	12.9859	-0	-0	-0	-0.0177089	-0	-0	-0	-0	-97.4397	-0	-0	-0
SAH	-0	-0	0.000986631	-0	-0	-0	1764.8	-0	8.5588	2.43877	-0	-0	-0	-0	-0	-0	-0	-0	8.55884	-0	-0	-0	-102.953	-0	-0
glyASG	-0	-0	2.88815	-0	-0	-0	-0	-0	-0	-0	-0	-0.101935	-0	10.866	1218.02	-0	-0	-0	-0	-0	-0	-0	-0	-42.9247	-0
bGSSG	-0	-0	-0	-0	-0	-0	-0	-0	-0	-0	0.0738121	-0	-0	-0	-0	-0	-0	-0	-0	-0	-0	-0	-0	-0	-10.2206

Eigenvalues	real	imaginary
	-0.0522417	0
	-0.0772855	0
	-0.697789	0
	-1.24926	0
	-1.47622	0
	-1.78603	-0.255633
	-1.78603	0.255633
	-2.54491	0
	-4.61645	0
	-6.28938	0
	-9.95124	2.39448
	-9.95124	-2.39448
	-10.2206	0
	-11.0452	0
	-11.5104	0
	-13.0352	0
	-26.7676	0
	-58.6392	0
	-97.4838	0
	-182.553	0
	-902.858	0
	-1060.65	0
	-1312.03	0
	-2006.92	0
	-22827.1	0

Stability Analysis of the Reduced System

KINETIC STABILITY ANALYSIS
The linear stability analysis based on the eigenvalues
of the Jacobian matrix is only valid for steady states.

Summary:
This state is asymptotically stable,
transient states in its vicinity have oscillatory components.

Eigenvalue statistics:
 Largest real part: -0.0522417
 Largest absolute imaginary part:  2.39448
 The complex eigenvalues with the largest real part are:  -1.78603 +|- 0.255633i
 21 are purely real
 0 are purely imaginary
 4 are complex
 0 are equal to zero
 0 have positive real part
 25 have negative real part
 stiffness = 436953.
 time hierarchy = 0.489956

