A steady state with given resolution was found.

Species	Concentration (mol/l)	Concentration Rate (mol/(l*h))	Particle Number	Particle Number Rate (1/h)	Transition Time (h)
ASG	0.00434477	-5.78045e-18	2.61648e+21	-3.48107e+06	7.51632e+14
OPA	1.00165	-8.53606e-14	6.03206e+23	-5.14054e+10	0.674852
SAH	19.	4264	-7.13196e-13	1.16989e+25	-4.29497e+11	0.10299
SAM	38.0208	7.13196e-14	2.28967e+25	4.29497e+10	0.201568
bGSH	8.1202	-1.42639e-14	4.8901e+24	-8.58993e+09	0.0778818
bGSSG	0.489982	8.91495e-16	2.95074e+23	5.36871e+08	0.0978416
bOPA	1	0	6.02214e+23	0	nan
bcys	179.127	-4.27918e-14	1.07873e+26	-2.57698e+10	1.56745
bgluAA	1.07187	4.27918e-14	6.45495e+23	2.57698e+10	0.0102804
boxo	1	0	6.02214e+23	0	nan
cCH2THF	0.33391	-6.95366e-14	2.01085e+23	-4.18759e+10	0.00880843
cGSH	1531.97	2.13959e-14	9.22574e+26	1.28849e+10	7.14208
cGSSG	69.1935	-1.84985e-14	4.16693e+25	-1.11401e+10	1.25537
cTHF	5.26262	7.13196e-14	3.16922e+24	4.29497e+10	0.138826
ccys	210.558	6.5614e-13	1.26801e+26	3.95137e+11	0.223988
cglc	192.413	-5.70557e-13	1.15874e+26	-3.43597e+11	0.204685
cgluAA	4.74305	-2.85221e-14	2.85633e+24	-1.71764e+10	0.0454911
cglut	541.356	-2.25771e-13	3.26012e+26	-1.35963e+11	0.574977
cgly	1800.79	-9.98474e-13	1.08446e+27	-6.01295e+11	10.426
cys	192	0	1.15625e+26	0	nan
cysASG	5	-9.70957e-13	3.01107e+24	-5.84724e+11	5.14956e+12
cysgly	3.64836	4.27918e-14	2.19709e+24	2.57698e+10	0.0349919
cyt	33.2688	-2.85278e-14	2.00349e+25	-1.71799e+10	0.371455
ext	1	0	6.02214e+23	0	nan
gluAB	2.70074	2.22874e-16	1.62642e+24	1.34218e+08	1.8196
glyASG	91.5255	9.70962e-13	5.5118e+25	5.84727e+11	9.42627e+13
hcy	1.06503	7.13196e-13	6.41377e+23	4.29497e+11	0.00564628
met	47.694	-4.99237e-14	2.8722e+25	-3.00648e+10	0.252851
oxo	2.52514	8.51378e-13	1.52067e+24	5.12712e+11	0.00271512

Reaction	Flux (mol/h)	Particle Flux (1/h)
v_v1	122.404	7.37132e+25
v_v10	940.042	5.66107e+26
v_v11	114.279	6.88204e+25
v_v12	55.118	3.31928e+25
v_v13	50.1101	3.0177e+25
v_v14	3.87932	2.33618e+24
v_v15	1.12859	6.79654e+23
v_v16	41.8086	2.51777e+25
v_v17	62.4546	3.76111e+25
v_v18	12.0689	7.26805e+24
v_v19	24.7155	1.4884e+25
v_v2	66.2216	3.98796e+25
v_v20	148.333	8.93285e+25
v_v21	24.3878	1.46867e+25
v_v22	37.908	2.28287e+25
v_v23	13.5202	8.14203e+24
v_v24	825.763	4.97286e+26
v_v25	929.458	5.59732e+26
v_v26	1.48425	8.93835e+23
v_v27	1.48425	8.93835e+23
v_v28	104.263	6.27888e+25
v_v29	104.263	6.27888e+25
v_v3	131.667	7.92919e+25
v_v30	104.263	6.27888e+25
v_v31	104.263	6.27888e+25
v_v32	1.48425	8.93835e+23
v_v33	0	0
v_v34	0	0
v_v35	5.78045e-18	3.48107e+06
v_v36	-9.70957e-13	-5.84724e+11
v_v37	0	0
v_v38	0.568808	3.42544e+23
v_v39	89.5635	5.39364e+25
v_v4	56.9579	3.43009e+25
v_v40	5.00791	3.01584e+24
v_v41	89.5635	5.39364e+25
v_v5	188.625	1.13593e+26
v_v6	61.1537	3.68276e+25
v_v7	37.908	2.28287e+25
v_v8	89.5635	5.39364e+25
v_v9	89.5635	5.39364e+25

Jacobian (complete system)

Rows:    Variables of the system, including dependent species
Columns: Variables of the system, including dependent species
	cGSH	bcys	cgly	met	cglut	oxo	hcy	ccys	cCH2THF	SAM	cGSSG	cgluAA	bGSH	ASG	cysASG	OPA	cysgly	cglc	cTHF	cyt	gluAB	bgluAA	SAH	glyASG	bGSSG
cGSH	-0.206942	-0	0.0104821	-0	-0	-0	-0	-0	-0	-0	0.879596	-0	-0	-0	-0	-0.0187974	-0	0.520829	-0	-0	-0.081438	-0	-0	-0	-0
bcys	-0	-1.6489	-0	-0	-0	-0	-0	0.398491	-0	-0	-0	-0	-0	-0	-0	-0	57.0105	-0	-0	-0	-0	-0	-0	-0	20.4412
cgly	0.0649898	-0	-2.61742	-0	-0	-0	-0	-0	-636.385	-0.934249	-0	-0	-0	-0	-874.56	0.171822	-0	-0.51972	33.3191	-0	-0.523739	-0	1.52186	47.7768	-0
met	-0	-0	-0	-3.42356	-0	-0	69.9751	-0	-3.71762	-0.140329	0.0715613	-0	-0	-0	-0	-0	-0	-0	-3.71761	-0	-0	-0	-0.128423	-0	-0
cglut	0.0543298	-0	-0	-0	-7.5607	367.678	-0	-12.5788	-0	-0	-0	-0	-0	-0	-0	-0	-0	13.6775	-0	-0	0.0445192	-0	-0	-0	-0
oxo	-0	-0	-0	-0	1.71129	-22717.6	-0	-267.927	-0	-0	-0	27.0875	-0	-0	-0	-0	-0	293.365	-0	-0	-0	-0	-0	-0	-0
hcy	-0	-0	-0	-0	-0	-0	-1960.35	-0	3.71761	-0.539715	-0	-0	-0	-0	-0	-0	-0	-0	3.71761	-0	-0	-0	100.922	-0	-0
ccys	0.0542442	0.558733	-0	-0	-5.83591	-22339.8	-0	-280.909	-0	-0	-0	-0	-0	-0	-0	-0	-0	307.04	-0	2.52417	0.044449	-0	-0	-0	-0
cCH2THF	-0	-0	-0.0989032	-0	-0	-0	-0	-0	-742.151	1.32571	-0	-0	-0	-0	-0	-0	-0	-0	40.3273	-0	-0	-0	-1.32571	-0	-0
SAM	-0	-0	-0.0021296	2.42356	-0	-0	-0	-0	-7.00818	-2.14793	-0.0715613	-0	-0	-0	-0	-0	-0	-0	-7.00817	-0	-0	-0	3.7593	-0	-0
cGSSG	0.0334395	-0	-0	-0	-0	-0	-0	-0	-0	-0	-0.510778	-0	-0	-0	-0	-0	-0	-0	-0	-0	-0	-0	-0	-0	-0
cgluAA	-0	-0	-0	-0	-0	9.68853	-0	-0	-0	-0	-0	-27.2119	-0	11.9835	-0	-0	-0	-0	-0	-0	-0	97.2117	-0	-0.000568864	-0
bGSH	0.0758866	-0	-0	-0	-0	-0	-0	-0	-0	-0	-0	-0	-12.6869	-0	-0	-0	0.0943366	-0	-0	-0	-0	0.105502	-0	-0	-0
ASG	-0	-0	-0	-0	-0	-0	-0	-0	-0	-0	-0	0.0109772	-0	-11.9835	-0	-0	-0	-0	-0	-0	-0	-0	-0	0.000568864	-0
cysASG	-0	-0	-2.42827	-0	-0	-0	-0	-0	-0	-0	-0	-0	-0	-0	-924.557	-0	-0	-0	-0	-0	-0	-0	-0	47.7768	-0
OPA	-0.000813441	-0	0.000204042	-0	-0	-0	-0	-0	-0	-0	-0	-0	-0	-0	-0	-901.078	-0	-0.00110924	-0	-0	0.605177	-0	-0	-0	-0
cysgly	-0	0.590169	-0	-0	-0	-0	-0	-0	-0	-0	-0	-0	12.6869	-0	-0	-0	-57.1048	-0	-0	-0	-0	-0.105502	-0	-0	-0
cglc	0.0099322	-0	-0.0104821	-0	5.83591	22339.8	-0	280.511	-0	-0	-0	-0	-0	-0	-0	0.0187974	-0	-307.561	-0	-0	0.0369916	-0	-0	-0	-0
cTHF	-0	-0	0.0989032	-0	-0	-0	17.2362	-0	625.659	-0	-0	-0	-0	-0	-0	-0	-0	-0	-44.0449	-0	-0	-0	-0	-0	-0
cyt	-0	-0	-0	-0	-0	-0	84.0052	-0	-0	0.668138	-0	-0	-0	-0	-0	-0	-0	-0	-0	-2.52417	-0	-0	0.668137	-0	-0
gluAB	0.000727795	-0	-0.000204042	-0	0.0121644	-0	-0	-0.0047726	-0	-0	-0	-0	-0	-0	-0	0.153025	-0	-0.00123178	-0	-0	-0.605247	-0	-0	-0	-0
bgluAA	-0	-0	-0	-0	-0	-0	-0	-0	-0	-0	-0	0.113393	12.6869	-0	-0	-0	-0.0943366	-0	-0	-0	-0	-97.3172	-0	-0	-0
SAH	-0	-0	0.0021296	-0	-0	-0	1806.37	-0	7.00817	2.15984	-0	-0	-0	-0	-0	-0	-0	-0	7.00817	-0	-0	-0	-105.221	-0	-0
glyASG	-0	-0	2.42827	-0	-0	-0	-0	-0	-0	-0	-0	-0.0109772	-0	11.9835	874.56	-0	-0	-0	-0	-0	-0	-0	-0	-47.7774	-0
bGSSG	-0	-0	-0	-0	-0	-0	-0	-0	-0	-0	0.0709796	-0	-0	-0	-0	-0	-0	-0	-0	-0	-0	-0	-0	-0	-10.2206

Eigenvalues	real	imaginary
	-0.0103376	0
	-0.0777987	0
	-0.0862196	0
	-0.417529	0
	-0.602248	0
	-0.614662	0
	-1.20328	0
	-1.53491	0
	-2.52197	0
	-2.59032	0
	-4.19303	0
	-10.2206	0
	-10.5465	1.97755
	-10.5465	-1.97755
	-11.9755	0
	-12.6471	0
	-26.7699	0
	-42.9261	0
	-57.7311	0
	-97.4904	0
	-776.674	0
	-901.078	0
	-972.181	0
	-2053.93	0
	-23270.4	0

Jacobian (reduced system)

Rows:    Independent variables of the system
Columns: Independent variables of the system
	cGSH	bcys	cgly	met	cglut	oxo	hcy	ccys	cCH2THF	SAM	cGSSG	cgluAA	bGSH	ASG	cysASG	OPA	cysgly	cglc	cTHF	cyt	gluAB	bgluAA	SAH	glyASG	bGSSG
cGSH	-0.206942	-0	0.0104821	-0	-0	-0	-0	-0	-0	-0	0.879596	-0	-0	-0	-0	-0.0187974	-0	0.520829	-0	-0	-0.081438	-0	-0	-0	-0
bcys	-0	-1.6489	-0	-0	-0	-0	-0	0.398491	-0	-0	-0	-0	-0	-0	-0	-0	57.0105	-0	-0	-0	-0	-0	-0	-0	20.4412
cgly	0.0649898	-0	-2.61742	-0	-0	-0	-0	-0	-636.385	-0.934249	-0	-0	-0	-0	-874.56	0.171822	-0	-0.51972	33.3191	-0	-0.523739	-0	1.52186	47.7768	-0
met	-0	-0	-0	-3.42356	-0	-0	69.9751	-0	-3.71762	-0.140329	0.0715613	-0	-0	-0	-0	-0	-0	-0	-3.71761	-0	-0	-0	-0.128423	-0	-0
cglut	0.0543298	-0	-0	-0	-7.5607	367.678	-0	-12.5788	-0	-0	-0	-0	-0	-0	-0	-0	-0	13.6775	-0	-0	0.0445192	-0	-0	-0	-0
oxo	-0	-0	-0	-0	1.71129	-22717.6	-0	-267.927	-0	-0	-0	27.0875	-0	-0	-0	-0	-0	293.365	-0	-0	-0	-0	-0	-0	-0
hcy	-0	-0	-0	-0	-0	-0	-1960.35	-0	3.71761	-0.539715	-0	-0	-0	-0	-0	-0	-0	-0	3.71761	-0	-0	-0	100.922	-0	-0
ccys	0.0542442	0.558733	-0	-0	-5.83591	-22339.8	-0	-280.909	-0	-0	-0	-0	-0	-0	-0	-0	-0	307.04	-0	2.52417	0.044449	-0	-0	-0	-0
cCH2THF	-0	-0	-0.0989032	-0	-0	-0	-0	-0	-742.151	1.32571	-0	-0	-0	-0	-0	-0	-0	-0	40.3273	-0	-0	-0	-1.32571	-0	-0
SAM	-0	-0	-0.0021296	2.42356	-0	-0	-0	-0	-7.00818	-2.14793	-0.0715613	-0	-0	-0	-0	-0	-0	-0	-7.00817	-0	-0	-0	3.7593	-0	-0
cGSSG	0.0334395	-0	-0	-0	-0	-0	-0	-0	-0	-0	-0.510778	-0	-0	-0	-0	-0	-0	-0	-0	-0	-0	-0	-0	-0	-0
cgluAA	-0	-0	-0	-0	-0	9.68853	-0	-0	-0	-0	-0	-27.2119	-0	11.9835	-0	-0	-0	-0	-0	-0	-0	97.2117	-0	-0.000568864	-0
bGSH	0.0758866	-0	-0	-0	-0	-0	-0	-0	-0	-0	-0	-0	-12.6869	-0	-0	-0	0.0943366	-0	-0	-0	-0	0.105502	-0	-0	-0
ASG	-0	-0	-0	-0	-0	-0	-0	-0	-0	-0	-0	0.0109772	-0	-11.9835	-0	-0	-0	-0	-0	-0	-0	-0	-0	0.000568864	-0
cysASG	-0	-0	-2.42827	-0	-0	-0	-0	-0	-0	-0	-0	-0	-0	-0	-924.557	-0	-0	-0	-0	-0	-0	-0	-0	47.7768	-0
OPA	-0.000813441	-0	0.000204042	-0	-0	-0	-0	-0	-0	-0	-0	-0	-0	-0	-0	-901.078	-0	-0.00110924	-0	-0	0.605177	-0	-0	-0	-0
cysgly	-0	0.590169	-0	-0	-0	-0	-0	-0	-0	-0	-0	-0	12.6869	-0	-0	-0	-57.1048	-0	-0	-0	-0	-0.105502	-0	-0	-0
cglc	0.0099322	-0	-0.0104821	-0	5.83591	22339.8	-0	280.511	-0	-0	-0	-0	-0	-0	-0	0.0187974	-0	-307.561	-0	-0	0.0369916	-0	-0	-0	-0
cTHF	-0	-0	0.0989032	-0	-0	-0	17.2362	-0	625.659	-0	-0	-0	-0	-0	-0	-0	-0	-0	-44.0449	-0	-0	-0	-0	-0	-0
cyt	-0	-0	-0	-0	-0	-0	84.0052	-0	-0	0.668138	-0	-0	-0	-0	-0	-0	-0	-0	-0	-2.52417	-0	-0	0.668137	-0	-0
gluAB	0.000727795	-0	-0.000204042	-0	0.0121644	-0	-0	-0.0047726	-0	-0	-0	-0	-0	-0	-0	0.153025	-0	-0.00123178	-0	-0	-0.605247	-0	-0	-0	-0
bgluAA	-0	-0	-0	-0	-0	-0	-0	-0	-0	-0	-0	0.113393	12.6869	-0	-0	-0	-0.0943366	-0	-0	-0	-0	-97.3172	-0	-0	-0
SAH	-0	-0	0.0021296	-0	-0	-0	1806.37	-0	7.00817	2.15984	-0	-0	-0	-0	-0	-0	-0	-0	7.00817	-0	-0	-0	-105.221	-0	-0
glyASG	-0	-0	2.42827	-0	-0	-0	-0	-0	-0	-0	-0	-0.0109772	-0	11.9835	874.56	-0	-0	-0	-0	-0	-0	-0	-0	-47.7774	-0
bGSSG	-0	-0	-0	-0	-0	-0	-0	-0	-0	-0	0.0709796	-0	-0	-0	-0	-0	-0	-0	-0	-0	-0	-0	-0	-0	-10.2206

Eigenvalues	real	imaginary
	-0.0103376	0
	-0.0777987	0
	-0.0862196	0
	-0.417529	0
	-0.602248	0
	-0.614662	0
	-1.20328	0
	-1.53491	0
	-2.52197	0
	-2.59032	0
	-4.19303	0
	-10.2206	0
	-10.5465	1.97755
	-10.5465	-1.97755
	-11.9755	0
	-12.6471	0
	-26.7699	0
	-42.9261	0
	-57.7311	0
	-97.4904	0
	-776.674	0
	-901.078	0
	-972.181	0
	-2053.93	0
	-23270.4	0

Stability Analysis of the Reduced System

KINETIC STABILITY ANALYSIS
The linear stability analysis based on the eigenvalues
of the Jacobian matrix is only valid for steady states.

Summary:
This state is asymptotically stable,
transient states in its vicinity have oscillatory components.

Eigenvalue statistics:
 Largest real part: -0.0103376
 Largest absolute imaginary part:  1.97755
 The complex eigenvalues with the largest real part are:  -10.5465 +|- 1.97755i
 23 are purely real
 0 are purely imaginary
 2 are complex
 0 are equal to zero
 0 have positive real part
 25 have negative real part
 stiffness = 2.25105e+06
 time hierarchy = 0.733958

